1 0.3626417476851852 0.5387431643518519 0.36955473842592595 0.555819824074074 0.3792324351851852 0.5706928703703704 0.3847626643518518 0.5629809560185185 0.37646731944444445 0.5387431643518519 0.36863316898148146 0.5249716805555555 0.3626417476851852 0.5387431643518519
1 0.41057066898148153 0.6175161134259258 0.41010947685185184 0.6064990231481482 0.39351879166666665 0.6164145509259259 0.3819975486111111 0.5987871087962964 0.37370220601851856 0.6092534189814814 0.3902928912037037 0.6202705069444444 0.376006537037037 0.6340419930555555 0.3815367638888889 0.6401015624999999 0.3962839050925926 0.6318388680555556 0.40457924768518516 0.6439575185185185 0.41425735185185186 0.6334912106481482 0.40043178009259256 0.6208212893518519 0.41057066898148153 0.6175161134259258
1 0.6972201805555556 0.5470058587962963 0.6944550648148149 0.5381918935185185 0.6875424837962962 0.5497602546296296 0.6750992638888889 0.5459042962962963 0.6750992638888889 0.5563706064814815 0.6866209143518518 0.559125 0.6870816990740741 0.5717949212962963 0.6972201805555556 0.5728964837962963 0.6958378263888889 0.5574721689814814 0.7018288402777778 0.5640825185185185 0.7082806365740741 0.5519638680555555 0.6972201805555556 0.5470058587962963
1 0.3336082523148148 0.5833627939814815 0.36540686342592593 0.6004394537037037 0.37877165046296296 0.5822612314814815 0.3395992638888889 0.5690405277777778 0.3336082523148148 0.5833627939814815
1 0.3571115185185185 0.6087026365740741 0.3538856203703704 0.6230249027777778 0.36863316898148146 0.6356948240740741 0.37139828472222225 0.6202705069444444 0.3571115185185185 0.6087026365740741
1 0.3437471412037037 0.6373471689814815 0.3432859467592593 0.6136601574074073 0.33867769675925924 0.5998886712962963 0.3211654421296296 0.6230249027777778 0.32162622453703704 0.6367963865740741 0.3437471412037037 0.6373471689814815
1 0.3354517962962963 0.5734472662037037 0.35342483564814814 0.5690405277777778 0.3520424837962963 0.5420483402777778 0.3294607847222222 0.5271748055555556 0.3059571087962963 0.5260732430555556 0.3068786759259259 0.5839135740740741 0.3354517962962963 0.5734472662037037
1 0.27093259722222224 0.6307368171296296 0.2658631527777778 0.6246772453703704 0.2681674837962963 0.6037446296296296 0.24328145370370372 0.6175161134259258 0.25848937962962965 0.6241264652777778 0.2437422384259259 0.6406523449074074 0.24927246759259258 0.6450595694444444 0.2607937083333333 0.6329404305555556 0.2644803912037037 0.6434067384259259 0.27093259722222224 0.6307368171296296
1 0.4797642962962963 0.18715673842592592 0.46758292592592593 0.1857363287037037 0.4536188726851852 0.20597900462962962 0.44203186342592593 0.21592285185185187 0.4500539212962963 0.22657714814814814 0.44024918287037035 0.22551171990740743 0.4393578425925926 0.23083886805555556 0.42895915046296296 0.23581054629629628 0.4384665023148148 0.25108154398148147 0.44886519675925923 0.24468896527777778 0.45302491898148145 0.22870800694444443 0.46223529398148144 0.22657714814814814 0.4797642962962963 0.18715673842592592
1 0.39003799074074075 0.22835253935185185 0.4019223865740741 0.21734375 0.40103104629629627 0.19887646527777778 0.3867696087962963 0.20136230555555557 0.39003799074074075 0.22835253935185185
1 0.5403745925925926 0.15164306712962963 0.5977160949074074 0.21627831944444442 0.5163088240740741 0.2961835925925926 0.5997961597222222 0.22196044907407408 0.7112111921296297 0.23985937499999999 0.7135882361111112 0.2334667962962963 0.6217818634259259 0.21357910185185183 0.6951674837962962 0.2043457037037037 0.696355800925926 0.19582226620370372 0.6069264699074074 0.21073779398148146 0.6556523703703704 0.15107519444444442 0.651789625 0.14503759722222223 0.605441175925926 0.20328027314814814 0.6096004907407407 0.16599072222222222 0.5941511435185185 0.06690771527777778 0.5852377453703704 0.06513183564814815 0.5971221412037038 0.2105957037037037 0.5403745925925926 0.15164306712962963
1 0.5028447708333333 0.9091772453703704 0.5067344768518518 0.9041704097222222 0.5056875 0.8907578125 0.4971597222222222 0.8921884768518519 0.4901278587962963 0.8886118171296297 0.4871356203703704 0.8943344722222222 0.49356903703703703 0.9047065439814815 0.4877340694444445 0.9038125 0.4845923194444445 0.9109658194444444 0.49267115972222225 0.9131118171296296 0.49671078472222224 0.9123964837962963 0.49671078472222224 0.925093261574074 0.5037422384259259 0.9258085949074074 0.5062859467592593 0.918655761574074 0.5028447708333333 0.9091772453703704
1 0.43267769675925927 0.9678339837962964 0.42998447685185187 0.9063164050925926 0.42414991898148147 0.9047065439814815 0.40799183101851855 0.9951953125 0.41532271296296297 0.9950166018518518 0.42459844675925923 0.9419038078703704 0.42699223842592593 0.9698012685185184 0.43267769675925927 0.9678339837962964
1 0.4293860300925926 0.9029184560185185 0.41277941203703705 0.8532031250000001 0.4064955069444444 0.8542763680555555 0.4222046574074074 0.9072104490740741 0.4293860300925926 0.9029184560185185
1 0.4355200162037037 0.8659003912037037 0.4341736111111111 0.8787763680555556 0.4431503263888889 0.8861083981481482 0.4271417476851852 0.8912944328703704 0.42564583333333333 0.8964804675925926 0.4349215694444445 0.8993417962962963 0.44270138888888894 0.8923671875000001 0.4450951805555555 0.9034550787037037 0.4561662592592593 0.9072104490740741 0.4597569444444445 0.8982685555555555 0.4531740185185185 0.8880751944444444 0.45796160185185186 0.8882543935185184 0.46559191203703704 0.8970170902777779 0.4711274513888889 0.8891484374999999 0.46768627546296293 0.8793125 0.46020588194444445 0.8789550787037037 0.4563157685185185 0.872875 0.4479379074074074 0.8764511712962963 0.44599264814814815 0.8642910162037037 0.4355200162037037 0.8659003912037037
1 0.5248374189814814 0.8101767569444444 0.521396650462963 0.8085668935185185 0.49686029398148146 0.8471230462962963 0.4419534305555555 0.8608930671296297 0.4480874189814815 0.8673310555555557 0.46020588194444445 0.8648271481481481 0.48279697685185186 0.858031738425926 0.46708782638888885 0.8682250972222222 0.4706785138888889 0.8700136712962964 0.4973092314814815 0.8553491203703705 0.5206482847222222 0.8864658194444445 0.5306723865740741 0.8870024421296295 0.5306723865740741 0.880922363425926 0.5034432199074074 0.8521303703703703 0.5248374189814814 0.8101767569444444
0 0.13817483564814814 0.4389018564814815 0.18875163425925925 0.4050473634259259 0.2140400324074074 0.42802001851851856 0.2625935462962963 0.3627290046296296 0.25450122453703705 0.3349199212962963 0.2595588240740741 0.28655566435185187 0.23528186342592594 0.2817192384259259 0.2120167476851852 0.3143652337962963 0.19886683101851851 0.31557421990740736 0.17762459259259258 0.26237402314814817 0.10074836574074074 0.26116503935185187 0.08658700925925926 0.2926015625 0.11490972222222222 0.3373378912037037 0.17256699305555556 0.3530561527777778 0.1938092314814815 0.3844926759259259 0.16852083333333334 0.37965625000000003 0.10277124074074075 0.37361084027777774 0.09670220601851852 0.42802001851851856 0.13817483564814814 0.4389018564814815
0 0.7724052291666667 0.3204106435185185 0.7602671574074074 0.3542651365740741 0.8078088240740741 0.43648388657407405 0.8573741828703704 0.3869106435185185 0.8856968958333333 0.3748198240740741 0.9393080069444445 0.3494287106481482 0.9281813726851852 0.3204106435185185 0.8948006527777778 0.2938105462962963 0.8897430555555557 0.28776513657407404 0.8958120925925925 0.2696284189814815 0.8705241018518519 0.2490737314814815 0.8583856203703704 0.25874658101851855 0.8422009814814815 0.2502832037037037 0.8159011435185185 0.3034833981481481 0.8118549837962964 0.27204687499999997 0.7976936273148149 0.24302831944444445 0.7663361921296296 0.22610107407407407 0.7511633981481481 0.23940087962962964 0.7633014699074074 0.2938105462962963 0.7804975486111111 0.3046923819444444 0.7450939537037037 0.28534668055555557 0.7258749999999999 0.29743749999999997 0.7299211597222223 0.3204106435185185 0.749140113425926 0.3445922847222222 0.7724052291666667 0.3204106435185185
1 0.43661968981481486 0.43659619212962963 0.4470919120370371 0.4480922847222222 0.4445273703703703 0.42714355555555555 0.4483745925925926 0.4478369143518518 0.45692361111111107 0.4511577152777778 0.47167034259259255 0.46852978472222223 0.4924019606481482 0.4741499027777778 0.48128799074074075 0.4664858402777778 0.46162540740740743 0.4417055671296296 0.4502977939814815 0.4266328125 0.4586331689814815 0.43582959027777773 0.47017442824074074 0.4268881828703704 0.46418995138888886 0.4202460925925926 0.4558549837962963 0.42229003935185183 0.45222140509259257 0.42050146527777776 0.4475196087962963 0.4084946296296297 0.4432450972222223 0.41820214814814816 0.4398255717592593 0.38882324305555555 0.43897058796296295 0.403640625 0.4374742638888889 0.4159033194444444 0.4321311273148148 0.41053808564814814 0.4299938726851852 0.41666943287037034 0.43405473842592596 0.42458886805555557 0.4278566180555555 0.4258662106481481 0.43042156944444443 0.43148681712962966 0.44110784259259256 0.43250878935185183 0.43661968981481486 0.43659619212962963
1 0.4940902777777778 0.47429540972222217 0.4977344768518519 0.46378955092592594 0.49033864351851847 0.45559033101851854 0.4836932199074074 0.4657114259259259 0.48347875925925926 0.46648046990740744 0.4940902777777778 0.47429540972222217
1 0.6234677291666666 0.5704453125 0.6111870925925926 0.5504814444444445 0.6011168310185185 0.5519492199074074 0.6146258171296296 0.583069824074074 0.6234677291666666 0.5704453125
1 0.6013623356481481 0.5451967777777779 0.6264154421296296 0.5340400393518518 0.6534334143518519 0.5275810555555556 0.7072234467592593 0.5366826180555555 0.7067324351851851 0.529930175925926 0.6529419930555556 0.5205351574074074 0.645819037037037 0.5117275393518518 0.6450821087962963 0.5193608402777777 0.6048010625000001 0.5384443356481482 0.6013623356481481 0.5451967777777779
1 0.5841691180555556 0.4606425787037037 0.5296417476851852 0.5202416990740741 0.5311156041666667 0.5313979490740741 0.6082397870370371 0.4524223634259259 0.6522050648148148 0.45835253935185183 0.6536789212962963 0.44602197222222223 0.6119240185185185 0.44543456944444443 0.6136433819444443 0.4336914074074074 0.5984150324074073 0.2830795902777778 0.590063724537037 0.2824921875 0.6045551481481481 0.44332080092592596 0.5883443634259259 0.4295224606481482 0.579993462962963 0.43392626851851857 0.5964497546296296 0.4459633796296296 0.5153962407407408 0.4938183587962963 0.5166241828703704 0.5046811527777778 0.5841691180555556 0.4606425787037037
1 0.5915808819444445 0.8483012685185185 0.6086168310185185 0.8536601550925925 0.6117553101851853 0.8343686527777777 0.5731997546296297 0.8316889652777777 0.5776830069444444 0.8472294930555556 0.5915808819444445 0.8483012685185185
0 0.8869121736111111 0.6028818356481481 0.8724366828703704 0.5844980462962963 0.8760555555555556 0.5769282222222222 0.8480098032407407 0.5742250972222223 0.8335347222222222 0.5882832037037037 0.8253921574074075 0.5990971689814815 0.8199640532407407 0.5909868171296296 0.8253921574074075 0.5780097662037037 0.8244877453703703 0.5639516597222222 0.8154407685185185 0.5509746087962962 0.8036793310185186 0.5450268564814815 0.7964419930555556 0.55421875 0.7928231203703704 0.5742250972222223 0.7982512245370371 0.5942309560185185 0.8154407685185185 0.5942309560185185 0.8258447708333334 0.6034228518518518 0.8122741018518519 0.6109926759259259 0.8014178912037038 0.6142368171296296 0.7887520416666667 0.6239692384259259 0.7892042476851852 0.6337021481481481 0.8082030231481482 0.6526264652777778 0.7950849675925925 0.6601962893518518 0.7937275324074073 0.6720917962962963 0.8005130717592592 0.6877719722222223 0.81725 0.6969643564814815 0.8258447708333334 0.6796616203703704 0.8204162592592593 0.6666850578703704 0.8317250810185185 0.6699291990740741 0.8475575972222222 0.6720917962962963 0.8715322708333333 0.682905761574074 0.8887214050925926 0.6823652337962963 0.8977683819444444 0.6661440439814815 0.8851025324074073 0.6347836921296297 0.8727221967592592 0.6351489699074074 0.8891740185185185 0.6250507824074073 0.8869121736111111 0.6028818356481481
0 0.21850245138888888 0.8368828125 0.19651307175925925 0.8305747060185185 0.1828799027777778 0.8084960925925926 0.14725735185185185 0.8084960925925926 0.11647222222222223 0.8279462893518519 0.11427369212962964 0.8479223634259259 0.12790686342592592 0.8731547847222223 0.14505841435185185 0.8915537106481481 0.17276470601851854 0.8836684560185185 0.17364460879629628 0.8831425787037036 0.1960735300925926 0.8631669930555556 0.2207013888888889 0.8479223634259259 0.21850245138888888 0.8589614259259258 0.2110261435185185 0.8652695300925927 0.19651307175925925 0.8726293935185184 0.17276470601851854 0.8962846689814815 0.15737254861111113 0.9251972662037038 0.15429370833333333 0.9488530277777778 0.16089052314814814 0.9598920902777778 0.16748733564814813 0.9583149421296296 0.15693259722222222 0.9872275393518519 0.17672303935185185 0.9951127939814816 0.20398978703703705 0.9872275393518519 0.22202083333333333 0.9746113287037036 0.23345506481481482 0.9567377939814814 0.24005187962962962 0.9830219722222222 0.24708864351851853 0.9956381828703704 0.27259599768518517 0.9982666018518519 0.28447018055555556 0.9898559560185185 0.294585375 0.9535839837962963 0.29590441203703705 0.9346596689814816 0.28666911805555556 0.9131064444444443 0.2752348865740741 0.9057470694444445 0.26687867592592596 0.9083754884259259 0.26424019675925925 0.8768344722222222 0.26204125925925925 0.8537045902777778 0.28447018055555556 0.8437167962962963 0.2915069444444444 0.8484477546296296 0.31349591435185187 0.8579101574074074 0.3350453425925926 0.8489736319444445 0.35835416666666664 0.8311005856481481 0.363631537037037 0.8069189444444445 0.34384109490740744 0.7864174814814815 0.31525531018518516 0.7790581064814815 0.2967843148148148 0.7858920902777777 0.28622916666666665 0.7664418935185184 0.2651196898148148 0.7632875972222223 0.24620874074074076 0.7964057615740741 0.2532455069444444 0.8116503912037037 0.2651196898148148 0.8179584953703704 0.2563239375 0.8379340810185185 0.24664869212962962 0.8395112314814815 0.25016707407407407 0.8216381828703704 0.24444975462962962 0.8084960925925926 0.22641870833333333 0.8289975578703703 0.21850245138888888 0.8368828125
1 0.42368954166666667 0.7724887685185186 0.41535375925925927 0.7648696296296296 0.3959035949074074 0.7670185555555555 0.3787418310185185 0.7726845694444444 0.36076307175925926 0.7679956064814816 0.3522638888888889 0.7586176759259259 0.3467066990740741 0.7652602546296295 0.3522638888888889 0.7724887685185186 0.3588014699074074 0.7740517569444444 0.35389828472222223 0.7779594722222222 0.358147875 0.781280761574074 0.3424571087962963 0.781280761574074 0.3494852939814815 0.7904628912037036 0.3542250810185185 0.7865556643518519 0.35455187962962964 0.7930029305555556 0.3612532685185185 0.7920258796296296 0.36337785879629625 0.8010126944444445 0.3640318634259259 0.7865556643518519 0.36239746759259256 0.781476074074074 0.3651760625 0.781671386574074 0.37269444444444444 0.7888999027777778 0.36190686342592593 0.8047246087962963 0.36501266435185187 0.8070693356481482 0.38086683101851854 0.7951518564814815 0.39688439583333335 0.7775683587962964 0.41470016435185186 0.8217221689814814 0.40374918287037037 0.7830390625 0.40195138888888887 0.7730751944444444 0.42172834953703703 0.7791313472222222 0.4418321087962963 0.7887045902777778 0.43823611111111116 0.7838203125 0.42859313657407405 0.7777641597222222 0.4511486921296296 0.7777641597222222 0.42368954166666667 0.7724887685185186
1 0.4862177291666667 0.2852285162037037 0.49193137268518516 0.2755229490740741 0.4875706689814815 0.2667163078703704 0.4752414212962963 0.28217285185185187 0.4747900324074074 0.2931362314814815 0.47027941203703705 0.2850488287037037 0.4627614375 0.2855878912037037 0.46140808796296295 0.29259716898148147 0.4663700972222222 0.30212255787037035 0.47584272916666664 0.3093120115740741 0.48486437962962964 0.2999658194444445 0.49599101388888883 0.30176318287037035 0.49764501620370366 0.28900244212962967 0.4862177291666667 0.2852285162037037
1 0.47104575231481477 0.0039658194444444446 0.4421331689814815 0.006798340277777777 0.4155906851851852 0.007931641203703703 0.4307577615740741 0.018695800925925928 0.412272875 0.026061034722222223 0.41369485185185184 0.04305761805555556 0.4046895416666667 0.05665478472222222 0.4117990185185185 0.06571923842592592 0.4160649513888889 0.07875 0.4264922384259259 0.06571923842592592 0.43123202546296296 0.07308447222222222 0.436919525462963 0.06515283101851851 0.4445032685185185 0.05665478472222222 0.45824836574074074 0.0396582037037037 0.46772794212962965 0.029460449074074076 0.47104575231481477 0.0039658194444444446
1 0.5390551481481481 0.9684804699074073 0.5644133981481482 0.9264365231481482 0.5783194444444445 0.9000366203703704 0.5648223032407407 0.8804814444444444 0.5480535138888889 0.8687480462962962 0.5390551481481481 0.8804814444444444 0.5329203425925926 0.8927031249999999 0.5186053912037037 0.8897700185185186 0.5038811273148148 0.8883032222222221 0.484658087962963 0.8883032222222221 0.4736151967592593 0.9005253912037037 0.459709150462963 0.9073696296296296 0.4413039212962963 0.9435473634259259 0.47034313657407406 0.9684804699074073 0.4867030231481482 0.9968359375 0.5165600486111112 0.9919467777777777 0.5390551481481481 0.9684804699074073