1 0.6313668310185185 0.5249716805555555 0.6235326805555554 0.5387431643518519 0.6152373356481482 0.5629809560185185 0.6207675648148148 0.5706928703703704 0.6304452615740741 0.555819824074074 0.6373582523148149 0.5387431643518519 0.6313668310185185 0.5249716805555555
1 0.5995682199074074 0.6208212893518519 0.5857426481481481 0.6334912106481482 0.5954207523148148 0.6439575185185185 0.6037160949074075 0.6318388680555556 0.6184632361111111 0.6401015624999999 0.623993462962963 0.6340419930555555 0.6097071087962962 0.6202705069444444 0.6262977939814816 0.6092534189814814 0.6180024513888889 0.5987871087962964 0.6064812083333334 0.6164145509259259 0.5898905231481482 0.6064990231481482 0.5894293310185185 0.6175161134259258 0.5995682199074074 0.6208212893518519
1 0.2917193634259259 0.5519638680555555 0.29817115972222225 0.5640825185185185 0.3041621736111111 0.5574721689814814 0.30277981944444443 0.5728964837962963 0.3129183009259259 0.5717949212962963 0.31337908564814815 0.559125 0.32490073611111114 0.5563706064814815 0.32490073611111114 0.5459042962962963 0.3124575162037037 0.5497602546296296 0.30554493518518516 0.5381918935185185 0.30277981944444443 0.5470058587962963 0.2917193634259259 0.5519638680555555
1 0.660400736111111 0.5690405277777778 0.6212283495370371 0.5822612314814815 0.634593136574074 0.6004394537037037 0.6663917476851852 0.5833627939814815 0.660400736111111 0.5690405277777778
1 0.6286017152777779 0.6202705069444444 0.6313668310185185 0.6356948240740741 0.6461143796296297 0.6230249027777778 0.6428884814814815 0.6087026365740741 0.6286017152777779 0.6202705069444444
1 0.678373775462963 0.6367963865740741 0.6788345578703704 0.6230249027777778 0.6613223032407407 0.5998886712962963 0.6567140532407407 0.6136601574074073 0.6562528587962964 0.6373471689814815 0.678373775462963 0.6367963865740741
1 0.693121324074074 0.5839135740740741 0.6940428912037037 0.5260732430555556 0.6705392152777777 0.5271748055555556 0.6479575162037037 0.5420483402777778 0.6465751643518518 0.5690405277777778 0.6645482037037037 0.5734472662037037 0.693121324074074 0.5839135740740741
1 0.7355196087962962 0.6434067384259259 0.7392062916666666 0.6329404305555556 0.7507275324074074 0.6450595694444444 0.7562577615740741 0.6406523449074074 0.7415106203703703 0.6241264652777778 0.7567185462962963 0.6175161134259258 0.7318325162037037 0.6037446296296296 0.7341368472222222 0.6246772453703704 0.7290674027777777 0.6307368171296296 0.7355196087962962 0.6434067384259259
1 0.5377647060185186 0.22657714814814814 0.5469750810185185 0.22870800694444443 0.5511348032407407 0.24468896527777778 0.5615334976851852 0.25108154398148147 0.571040849537037 0.23581054629629628 0.5606421574074074 0.23083886805555556 0.5597508171296296 0.22551171990740743 0.5499460787037037 0.22657714814814814 0.5579681365740741 0.21592285185185187 0.5463811273148148 0.20597900462962962 0.5324170740740741 0.1857363287037037 0.5202357037037038 0.18715673842592592 0.5377647060185186 0.22657714814814814
1 0.6132303912037037 0.20136230555555557 0.5989689537037037 0.19887646527777778 0.5980776134259259 0.21734375 0.6099620092592593 0.22835253935185185 0.6132303912037037 0.20136230555555557
1 0.40287785879629634 0.2105957037037037 0.4147622546296296 0.06513183564814815 0.4058488564814815 0.06690771527777778 0.39039950925925926 0.16599072222222222 0.39455882407407405 0.20328027314814814 0.348210375 0.14503759722222223 0.3443476296296296 0.15107519444444442 0.39307353009259255 0.21073779398148146 0.3036441990740741 0.19582226620370372 0.3048325162037037 0.2043457037037037 0.37821813657407405 0.21357910185185183 0.2864117638888889 0.2334667962962963 0.28878880787037037 0.23985937499999999 0.4002038402777778 0.22196044907407408 0.4836911759259259 0.2961835925925926 0.40228390509259254 0.21627831944444442 0.4596254074074074 0.15164306712962963 0.40287785879629634 0.2105957037037037
1 0.49371405324074075 0.918655761574074 0.4962577615740741 0.9258085949074074 0.5032892152777778 0.925093261574074 0.5032892152777778 0.9123964837962963 0.5073288402777778 0.9131118171296296 0.5154076805555555 0.9109658194444444 0.5122659305555556 0.9038125 0.506430962962963 0.9047065439814815 0.5128643796296296 0.8943344722222222 0.5098721412037037 0.8886118171296297 0.5028402777777777 0.8921884768518519 0.4943125 0.8907578125 0.4932655231481482 0.9041704097222222 0.4971552291666667 0.9091772453703704 0.49371405324074075 0.918655761574074
1 0.5730077615740741 0.9698012685185184 0.5754015532407407 0.9419038078703704 0.584677287037037 0.9950166018518518 0.5920081689814815 0.9951953125 0.5758500810185185 0.9047065439814815 0.5700155231481481 0.9063164050925926 0.5673223032407407 0.9678339837962964 0.5730077615740741 0.9698012685185184
1 0.5777953425925926 0.9072104490740741 0.5935044930555555 0.8542763680555555 0.587220587962963 0.8532031250000001 0.5706139699074074 0.9029184560185185 0.5777953425925926 0.9072104490740741
1 0.5540073518518519 0.8642910162037037 0.5520620925925926 0.8764511712962963 0.5436842314814815 0.872875 0.5397941180555555 0.8789550787037037 0.5323137245370371 0.8793125 0.5288725486111111 0.8891484374999999 0.534408087962963 0.8970170902777779 0.5420383981481481 0.8882543935185184 0.5468259814814815 0.8880751944444444 0.5402430555555555 0.8982685555555555 0.5438337407407408 0.9072104490740741 0.5549048194444445 0.9034550787037037 0.5572986111111111 0.8923671875000001 0.5650784305555555 0.8993417962962963 0.5743541666666667 0.8964804675925926 0.5728582523148148 0.8912944328703704 0.556849673611111 0.8861083981481482 0.5658263888888889 0.8787763680555556 0.5644799837962963 0.8659003912037037 0.5540073518518519 0.8642910162037037
1 0.4965567800925926 0.8521303703703703 0.46932761342592594 0.880922363425926 0.46932761342592594 0.8870024421296295 0.47935171527777776 0.8864658194444445 0.5026907685185185 0.8553491203703705 0.5293214861111111 0.8700136712962964 0.5329121736111111 0.8682250972222222 0.5172030231481481 0.858031738425926 0.5397941180555555 0.8648271481481481 0.5519125810185185 0.8673310555555557 0.5580465694444444 0.8608930671296297 0.5031397060185185 0.8471230462962963 0.478603349537037 0.8085668935185185 0.47516258101851855 0.8101767569444444 0.4965567800925926 0.8521303703703703
0 0.9032977939814815 0.42802001851851856 0.8972287592592593 0.37361084027777774 0.8314791666666667 0.37965625000000003 0.8061907685185185 0.3844926759259259 0.8274330069444444 0.3530561527777778 0.8850902777777777 0.3373378912037037 0.9134129907407407 0.2926015625 0.8992516342592592 0.26116503935185187 0.8223754074074073 0.26237402314814817 0.8011331689814816 0.31557421990740736 0.7879832523148148 0.3143652337962963 0.7647181365740741 0.2817192384259259 0.740441175925926 0.28655566435185187 0.745498775462963 0.3349199212962963 0.7374064537037037 0.3627290046296296 0.7859599675925927 0.42802001851851856 0.8112483657407408 0.4050473634259259 0.8618251643518519 0.4389018564814815 0.9032977939814815 0.42802001851851856
0 0.2508598865740741 0.3445922847222222 0.2700788402777778 0.3204106435185185 0.274125 0.29743749999999997 0.25490604629629626 0.28534668055555557 0.21950245138888888 0.3046923819444444 0.2366985300925926 0.2938105462962963 0.24883660185185186 0.23940087962962964 0.23366380787037036 0.22610107407407407 0.2023063726851852 0.24302831944444445 0.18814501620370372 0.27204687499999997 0.18409885648148147 0.3034833981481481 0.1577990185185185 0.2502832037037037 0.1416143796296296 0.25874658101851855 0.12947589814814814 0.2490737314814815 0.1041879074074074 0.2696284189814815 0.11025694444444445 0.28776513657407404 0.10519934722222223 0.2938105462962963 0.07181862731481481 0.3204106435185185 0.06069199305555556 0.3494287106481482 0.11430310416666666 0.3748198240740741 0.14262581712962963 0.3869106435185185 0.19219117592592594 0.43648388657407405 0.2397328425925926 0.3542651365740741 0.22759477083333335 0.3204106435185185 0.2508598865740741 0.3445922847222222
1 0.5588921574074074 0.43250878935185183 0.5695784305555556 0.43148681712962966 0.5721433819444445 0.4258662106481481 0.5659452615740741 0.42458886805555557 0.5700061273148148 0.41666943287037034 0.5678688726851852 0.41053808564814814 0.5625257361111111 0.4159033194444444 0.561029412037037 0.403640625 0.5601744282407407 0.38882324305555555 0.5567549027777777 0.41820214814814816 0.5524803912037037 0.4084946296296297 0.5477785949074074 0.42050146527777776 0.5441450162037037 0.42229003935185183 0.5358100486111111 0.4202460925925926 0.5298255717592593 0.4268881828703704 0.5413668310185186 0.43582959027777773 0.5497022060185185 0.4266328125 0.5383745925925926 0.4417055671296296 0.5187120092592592 0.4664858402777778 0.5075980393518519 0.4741499027777778 0.5283296574074074 0.46852978472222223 0.5430763888888889 0.4511577152777778 0.5516254074074074 0.4478369143518518 0.5554726296296296 0.42714355555555555 0.552908087962963 0.4480922847222222 0.5633803101851852 0.43659619212962963 0.5588921574074074 0.43250878935185183
1 0.5165212407407408 0.46648046990740744 0.5163067800925926 0.4657114259259259 0.5096613564814815 0.45559033101851854 0.5022655231481481 0.46378955092592594 0.5059097222222222 0.47429540972222217 0.5165212407407408 0.46648046990740744
1 0.3853741828703704 0.583069824074074 0.3988831689814815 0.5519492199074074 0.38881290740740737 0.5504814444444445 0.37653227083333335 0.5704453125 0.3853741828703704 0.583069824074074
1 0.3951989375 0.5384443356481482 0.3549178912037037 0.5193608402777777 0.354180962962963 0.5117275393518518 0.34705800694444444 0.5205351574074074 0.2932675648148148 0.529930175925926 0.29277655324074076 0.5366826180555555 0.3465665856481482 0.5275810555555556 0.37358455787037037 0.5340400393518518 0.39863766435185183 0.5451967777777779 0.3951989375 0.5384443356481482
1 0.4833758171296296 0.5046811527777778 0.4846037592592593 0.4938183587962963 0.4035502453703704 0.4459633796296296 0.42000653703703705 0.43392626851851857 0.4116556365740741 0.4295224606481482 0.39544485185185185 0.44332080092592596 0.40993627546296296 0.2824921875 0.40158496759259255 0.2830795902777778 0.38635661805555555 0.4336914074074074 0.3880759814814815 0.44543456944444443 0.3463210787037037 0.44602197222222223 0.3477949351851852 0.45835253935185183 0.39176021296296293 0.4524223634259259 0.4688843958333333 0.5313979490740741 0.4703582523148148 0.5202416990740741 0.4158308819444444 0.4606425787037037 0.4833758171296296 0.5046811527777778
1 0.4223169930555556 0.8472294930555556 0.42680024537037037 0.8316889652777777 0.38824468981481486 0.8343686527777777 0.39138316898148146 0.8536601550925925 0.4084191180555556 0.8483012685185185 0.4223169930555556 0.8472294930555556
0 0.11082598148148148 0.6250507824074073 0.12727780324074076 0.6351489699074074 0.11489746759259259 0.6347836921296297 0.10223161805555556 0.6661440439814815 0.11127859490740741 0.6823652337962963 0.12846772916666666 0.682905761574074 0.1524424027777778 0.6720917962962963 0.1682749189814815 0.6699291990740741 0.17958374074074074 0.6666850578703704 0.17415522916666668 0.6796616203703704 0.18275 0.6969643564814815 0.19948692824074074 0.6877719722222223 0.2062724675925926 0.6720917962962963 0.2049150324074074 0.6601962893518518 0.19179697685185187 0.6526264652777778 0.21079575231481482 0.6337021481481481 0.21124795833333335 0.6239692384259259 0.19858210879629629 0.6142368171296296 0.18772589814814816 0.6109926759259259 0.17415522916666668 0.6034228518518518 0.18455923148148148 0.5942309560185185 0.20174877546296296 0.5942309560185185 0.20717687962962963 0.5742250972222223 0.20355800694444445 0.55421875 0.19632066898148148 0.5450268564814815 0.18455923148148148 0.5509746087962962 0.1755122546296296 0.5639516597222222 0.1746078425925926 0.5780097662037037 0.18003594675925927 0.5909868171296296 0.1746078425925926 0.5990971689814815 0.16646527777777778 0.5882832037037037 0.15199019675925923 0.5742250972222223 0.12394444444444444 0.5769282222222222 0.12756331712962965 0.5844980462962963 0.11308782638888888 0.6028818356481481 0.11082598148148148 0.6250507824074073
0 0.7735812916666667 0.8289975578703703 0.7555502453703704 0.8084960925925926 0.7498329259259259 0.8216381828703704 0.7533513078703704 0.8395112314814815 0.7436760625 0.8379340810185185 0.7348803101851852 0.8179584953703704 0.7467544930555555 0.8116503912037037 0.7537912592592593 0.7964057615740741 0.7348803101851852 0.7632875972222223 0.7137708333333334 0.7664418935185184 0.7032156851851852 0.7858920902777777 0.6847446898148148 0.7790581064814815 0.6561589050925926 0.7864174814814815 0.636368462962963 0.8069189444444445 0.6416458333333332 0.8311005856481481 0.6649546574074073 0.8489736319444445 0.6865040856481482 0.8579101574074074 0.7084930555555556 0.8484477546296296 0.7155298194444444 0.8437167962962963 0.7379587407407407 0.8537045902777778 0.7357598032407408 0.8768344722222222 0.733121324074074 0.9083754884259259 0.7247651134259259 0.9057470694444445 0.7133308819444445 0.9131064444444443 0.7040955879629629 0.9346596689814816 0.7054146250000001 0.9535839837962963 0.7155298194444444 0.9898559560185185 0.7274040023148148 0.9982666018518519 0.7529113564814814 0.9956381828703704 0.7599481203703704 0.9830219722222222 0.7665449351851851 0.9567377939814814 0.7779791666666667 0.9746113287037036 0.796010212962963 0.9872275393518519 0.8232769606481481 0.9951127939814816 0.8430674027777778 0.9872275393518519 0.8325126643518518 0.9583149421296296 0.8391094768518519 0.9598920902777778 0.8457062916666667 0.9488530277777778 0.842627451388889 0.9251972662037038 0.8272352939814815 0.8962846689814815 0.8034869282407407 0.8726293935185184 0.7889738564814814 0.8652695300925927 0.7814975486111111 0.8589614259259258 0.7792986111111111 0.8479223634259259 0.8039264699074075 0.8631669930555556 0.8263553912037037 0.8831425787037036 0.8272352939814815 0.8836684560185185 0.8549415856481482 0.8915537106481481 0.8720931365740741 0.8731547847222223 0.8857263078703703 0.8479223634259259 0.8835277777777778 0.8279462893518519 0.8527426481481482 0.8084960925925926 0.8171200972222222 0.8084960925925926 0.8034869282407407 0.8305747060185185 0.7814975486111111 0.8368828125 0.7735812916666667 0.8289975578703703
1 0.5488513078703704 0.7777641597222222 0.571406863425926 0.7777641597222222 0.5617638888888888 0.7838203125 0.5581678912037037 0.7887045902777778 0.578271650462963 0.7791313472222222 0.5980486111111112 0.7730751944444444 0.5962508171296297 0.7830390625 0.5852998356481481 0.8217221689814814 0.6031156041666668 0.7775683587962964 0.6191331689814815 0.7951518564814815 0.6349873356481481 0.8070693356481482 0.6380931365740741 0.8047246087962963 0.6273055555555556 0.7888999027777778 0.6348239375 0.781671386574074 0.6376025324074074 0.781476074074074 0.635968136574074 0.7865556643518519 0.6366221412037036 0.8010126944444445 0.6387467314814814 0.7920258796296296 0.6454481203703705 0.7930029305555556 0.6457749189814814 0.7865556643518519 0.6505147060185186 0.7904628912037036 0.6575428912037038 0.781280761574074 0.641852125 0.781280761574074 0.6461017152777778 0.7779594722222222 0.6411985300925926 0.7740517569444444 0.6477361111111111 0.7724887685185186 0.653293300925926 0.7652602546296295 0.6477361111111111 0.7586176759259259 0.6392369282407407 0.7679956064814816 0.6212581689814815 0.7726845694444444 0.6040964050925927 0.7670185555555555 0.5846462407407407 0.7648696296296296 0.5763104583333333 0.7724887685185186 0.5488513078703704 0.7777641597222222
1 0.5023549837962963 0.28900244212962967 0.5040089861111111 0.30176318287037035 0.5151356203703704 0.2999658194444445 0.5241572708333334 0.3093120115740741 0.5336299027777778 0.30212255787037035 0.538591912037037 0.29259716898148147 0.5372385625 0.2855878912037037 0.529720587962963 0.2850488287037037 0.5252099675925925 0.2931362314814815 0.5247585787037037 0.28217285185185187 0.5124293310185185 0.2667163078703704 0.5080686273148148 0.2755229490740741 0.5137822708333333 0.2852285162037037 0.5023549837962963 0.28900244212962967
1 0.5322720578703704 0.029460449074074076 0.5417516342592593 0.0396582037037037 0.5554967314814815 0.05665478472222222 0.563080474537037 0.06515283101851851 0.568767974537037 0.07308447222222222 0.5735077615740741 0.06571923842592592 0.5839350486111111 0.07875 0.5882009814814815 0.06571923842592592 0.5953104583333334 0.05665478472222222 0.5863051481481482 0.04305761805555556 0.587727125 0.026061034722222223 0.5692422384259259 0.018695800925925928 0.5844093148148148 0.007931641203703703 0.5578668310185185 0.006798340277777777 0.5289542476851852 0.0039658194444444446 0.5322720578703704 0.029460449074074076
1 0.4834399513888889 0.9919467777777777 0.5132969768518518 0.9968359375 0.529656863425926 0.9684804699074073 0.5586960787037037 0.9435473634259259 0.540290849537037 0.9073696296296296 0.5263848032407408 0.9005253912037037 0.515341912037037 0.8883032222222221 0.4961188726851852 0.8883032222222221 0.4813946087962963 0.8897700185185186 0.4670796574074074 0.8927031249999999 0.46094485185185186 0.8804814444444444 0.4519464861111111 0.8687480462962962 0.43517769675925927 0.8804814444444444 0.42168055555555556 0.9000366203703704 0.4355866018518519 0.9264365231481482 0.46094485185185186 0.9684804699074073 0.4834399513888889 0.9919467777777777